Vardas         Pavarde                       ND1  ND2  ND3  ND4  ND5  ND6  ND7  ND8  ND9  ND10 ND11 ND12 ND13 ND14 ND15 ND16 ND17 ND18 ND19 ND20 ND21 ND22 ND23 ND24 ND25 ND26 ND27 ND28 ND29 ND30 ND31 ND32 ND33 ND34 ND35 ND36 ND37 ND38 ND39 ND40 ND41 ND42 ND43 ND44 ND45 ND46 ND47 ND48 ND49 ND50    Egzaminas      Galutinis vid./ Galutinis med

Vardas0        Pavarde0                      6    4    9    8    1    1    4    3    3    6    10   9    8    7    3    10   4    8    1    6    7    9    3    3    6    5    1    1    2    10   9    6    8    6    5    10   9    7    9    6    3    6    7    9    6    4    3    6    9    10         1                2.97           3.00
Vardas1        Pavarde1                      2    4    6    6    4    1    10   1    2    3    8    10   4    4    4    4    9    7    10   8    4    6    9    10   5    9    2    7    2    3    2    10   7    10   6    2    5    1    7    6    4    7    2    8    5    3    4    6    6    10         6                5.80           5.80
Vardas2        Pavarde2                      4    2    5    9    6    4    4    9    2    1    7    2    10   4    2    2    2    8    9    2    10   3    7    10   2    6    5    2    3    2    5    4    7    9    2    9    3    4    2    8    10   7    8    8    10   5    8    6    4    8          3                3.97           3.80
Vardas3        Pavarde3                      1    1    8    8    8    8    4    10   6    1    8    7    10   1    8    9    7    5    10   4    1    7    3    4    4    2    9    7    5    10   8    8    6    7    3    10   7    6    10   9    7    5    7    7    7    8    9    8    9    2          1                3.15           3.40
Vardas4        Pavarde4                      10   5    6    5    7    2    6    2    6    2    7    7    3    7    3    5    8    5    1    6    9    5    4    2    9    5    3    7    8    7    10   7    2    4    7    6    2    7    6    8    9    9    9    10   9    8    10   6    5    8          5                5.43           5.40
Vardas5        Pavarde5                      5    1    1    10   5    7    3    5    7    4    7    6    4    7    9    2    3    2    5    9    10   10   3    2    4    4    9    3    3    8    3    1    7    9    4    7    9    2    3    1    8    4    5    2    3    8    6    8    2    3          2                3.22           3.00
Vardas6        Pavarde6                      4    7    4    10   3    10   8    8    2    5    9    5    3    9    1    4    4    2    9    3    2    1    4    4    4    10   1    1    1    3    4    10   5    1    6    6    9    2    8    1    7    5    1    3    5    5    5    5    7    10         6                5.57           5.40
Vardas7        Pavarde7                      9    7    7    10   8    2    2    7    3    9    1    4    5    4    9    5    1    7    3    7    1    3    10   8    10   2    10   7    9    8    4    4    5    5    5    5    4    3    2    9    7    7    4    7    5    5    3    3    8    1          4                4.59           4.40
Vardas8        Pavarde8                      3    2    3    4    4    2    8    5    3    4    6    9    5    10   5    5    9    3    1    5    1    7    4    7    6    10   9    9    7    5    1    2    1    9    6    2    9    7    9    6    4    7    1    9    8    10   8    2    10   1         10                8.18           8.00
Vardas9        Pavarde9                      2    3    8    8    7    6    9    4    10   4    9    7    2    6    5    2    6    6    2    10   2    3    3    1    9    10   6    2    2    3    6    2    8    4    8    7    3    3    5    6    9    10   9    1    7    2    6    9    5    5          5                5.18           5.40
