Vardas         Pavarde                       ND1  ND2  ND3  ND4  ND5  ND6  ND7  ND8  ND9  ND10 ND11 ND12 ND13 ND14 ND15 ND16 ND17 ND18 ND19 ND20 ND21 ND22 ND23 ND24 ND25 ND26 ND27 ND28 ND29 ND30 ND31 ND32 ND33 ND34 ND35 ND36 ND37 ND38 ND39 ND40 ND41 ND42 ND43 ND44 ND45 ND46 ND47 ND48 ND49 ND50    Egzaminas      Galutinis vid./ Galutinis med

Vardas0        Pavarde0                      6    4    9    8    1    1    4    3    3    6    10   9    8    7    3    10   4    8    1    6    7    9    3    3    6    5    1    1    2    10   9    6    8    6    5    10   9    7    9    6    3    6    7    9    6    4    3    6    9    10         1                2.97           3.00
Vardas1        Pavarde1                      2    4    6    6    4    1    10   1    2    3    8    10   4    4    4    4    9    7    10   8    4    6    9    10   5    9    2    7    2    3    2    10   7    10   6    2    5    1    7    6    4    7    2    8    5    3    4    6    6    10         6                5.80           5.80
Vardas2        Pavarde2                      4    2    5    9    6    4    4    9    2    1    7    2    10   4    2    2    2    8    9    2    10   3    7    10   2    6    5    2    3    2    5    4    7    9    2    9    3    4    2    8    10   7    8    8    10   5    8    6    4    8          3                3.97           3.80
Vardas3        Pavarde3                      1    1    8    8    8    8    4    10   6    1    8    7    10   1    8    9    7    5    10   4    1    7    3    4    4    2    9    7    5    10   8    8    6    7    3    10   7    6    10   9    7    5    7    7    7    8    9    8    9    2          1                3.15           3.40
Vardas4        Pavarde4                      10   5    6    5    7    2    6    2    6    2    7    7    3    7    3    5    8    5    1    6    9    5    4    2    9    5    3    7    8    7    10   7    2    4    7    6    2    7    6    8    9    9    9    10   9    8    10   6    5    8          5                5.43           5.40
Vardas5        Pavarde5                      5    1    1    10   5    7    3    5    7    4    7    6    4    7    9    2    3    2    5    9    10   10   3    2    4    4    9    3    3    8    3    1    7    9    4    7    9    2    3    1    8    4    5    2    3    8    6    8    2    3          2                3.22           3.00
Vardas6        Pavarde6                      4    7    4    10   3    10   8    8    2    5    9    5    3    9    1    4    4    2    9    3    2    1    4    4    4    10   1    1    1    3    4    10   5    1    6    6    9    2    8    1    7    5    1    3    5    5    5    5    7    10         6                5.57           5.40
Vardas7        Pavarde7                      9    7    7    10   8    2    2    7    3    9    1    4    5    4    9    5    1    7    3    7    1    3    10   8    10   2    10   7    9    8    4    4    5    5    5    5    4    3    2    9    7    7    4    7    5    5    3    3    8    1          4                4.59           4.40
Vardas8        Pavarde8                      3    2    3    4    4    2    8    5    3    4    6    9    5    10   5    5    9    3    1    5    1    7    4    7    6    10   9    9    7    5    1    2    1    9    6    2    9    7    9    6    4    7    1    9    8    10   8    2    10   1         10                8.18           8.00
Vardas9        Pavarde9                      2    3    8    8    7    6    9    4    10   4    9    7    2    6    5    2    6    6    2    10   2    3    3    1    9    10   6    2    2    3    6    2    8    4    8    7    3    3    5    6    9    10   9    1    7    2    6    9    5    5          5                5.18           5.40
Vardas10       Pavarde10                     5    5    7    8    5    5    5    8    3    10   5    4    1    2    1    9    7    10   6    10   9    3    8    5    8    8    4    6    3    5    4    9    2    4    8    9    3    2    6    3    6    4    4    5    4    7    7    3    10   9          9                7.67           7.40
Vardas11       Pavarde11                     1    9    1    4    10   2    9    1    6    8    1    8    9    6    9    9    2    4    2    10   9    7    3    4    2    2    1    7    10   1    1    5    2    9    3    5    5    5    7    1    2    10   4    2    7    4    5    10   1    10        10                8.04           8.00
Vardas12       Pavarde12                     2    8    4    4    8    4    8    9    7    2    3    7    5    5    8    3    6    1    3    7    1    7    9    2    6    9    2    3    2    4    7    3    10   5    2    5    6    1    4    4    7    9    2    7    7    6    5    10   9    1          7                6.27           6.20
Vardas13       Pavarde13                     2    6    5    5    10   8    4    10   2    4    7    10   6    2    2    3    9    6    4    2    9    4    3    2    4    8    10   2    6    6    9    8    3    6    9    6    6    9    10   4    5    6    2    9    6    7    4    7    2    10         5                5.31           5.40
Vardas14       Pavarde14                     3    9    9    4    9    9    2    7    9    8    10   4    8    3    3    3    9    5    1    8    10   2    7    8    3    3    8    9    9    7    9    8    9    1    3    5    6    5    8    4    1    5    3    2    3    3    4    9    7    1          6                5.88           5.80
Vardas15       Pavarde15                     10   8    6    1    9    6    2    7    8    2    10   9    9    6    8    6    4    4    1    9    4    6    6    1    5    7    4    2    1    5    5    6    1    6    7    5    6    2    3    3    7    8    8    1    6    5    1    2    1    3          8                6.82           7.00
Vardas16       Pavarde16                     1    9    6    4    2    1    10   3    2    4    7    4    6    5    3    2    8    2    6    10   7    4    5    6    2    6    8    4    3    8    3    3    1    2    6    5    9    6    3    10   6    6    5    3    9    10   10   7    8    9         10                8.15           8.20
Vardas17       Pavarde17                     8    9    7    1    4    9    1    2    8    3    7    10   2    8    10   8    6    5    2    9    10   10   4    2    9    9    3    10   3    4    7    8    10   8    6    6    8    8    2    1    1    6    2    1    4    8    2    6    7    10         7                6.55           6.80
Vardas18       Pavarde18                     10   2    4    1    5    6    8    6    1    7    9    9    10   1    1    4    1    9    8    4    7    3    1    1    3    3    6    3    9    3    10   7    8    7    9    5    9    7    8    10   6    9    9    2    3    2    8    1    5    3         10                8.18           8.40
Vardas19       Pavarde19                     9    7    1    3    7    7    2    9    7    4    6    3    3    6    4    1    4    8    6    8    7    1    2    1    6    8    5    6    7    8    5    6    7    7    4    3    4    5    7    3    5    5    3    7    5    8    10   6    8    4         10                8.14           8.40
Vardas20       Pavarde20                     4    4    2    4    4    2    3    8    1    3    2    4    4    4    9    8    7    10   9    10   1    9    6    9    8    3    6    6    4    7    9    7    10   7    2    10   4    8    8    2    2    1    6    1    3    10   2    6    2    7          7                6.34           6.20
Vardas21       Pavarde21                     1    8    5    1    7    2    1    1    6    10   5    3    2    3    2    3    2    7    4    10   5    2    6    2    1    4    8    9    6    4    9    7    5    6    3    5    8    7    9    3    3    8    8    6    6    6    9    7    3    2          6                5.60           5.60
Vardas22       Pavarde22                     3    4    9    7    4    5    3    10   9    7    9    2    8    8    9    5    4    10   7    7    3    7    10   1    2    3    1    10   2    6    10   10   5    6    6    8    1    8    9    7    8    5    1    2    4    8    2    5    2    6          4                4.70           4.80
Vardas23       Pavarde23                     9    5    8    4    2    9    6    7    8    5    10   8    6    9    7    9    10   9    7    9    1    2    9    9    7    9    7    6    3    6    3    6    4    5    9    7    1    5    3    10   6    5    10   8    2    3    7    9    3    5          4                4.94           5.20
Vardas24       Pavarde24                     10   5    1    2    1    10   7    8    8    3    2    6    5    1    10   3    4    6    7    9    5    10   8    8    9    1    9    7    3    10   7    6    6    1    9    2    3    7    5    10   4    8    5    4    4    4    10   2    6    1          2                3.46           3.60
Vardas25       Pavarde25                     10   7    9    2    7    8    1    10   3    4    5    5    3    5    7    7    5    2    5    8    4    4    6    5    4    6    10   8    2    7    10   7    3    2    9    7    9    3    3    8    2    8    1    4    1    2    10   1    4    7          9                7.56           7.40
Vardas26       Pavarde26                     4    1    6    4    8    3    4    5    4    4    1    1    4    9    1    2    2    8    3    8    3    1    7    1    6    6    8    8    1    5    8    3    7    9    10   1    9    4    6    3    10   6    5    9    9    1    1    8    2    3          8                6.74           6.40
Vardas27       Pavarde27                     6    8    10   3    8    1    2    2    10   5    1    2    7    5    2    6    5    8    6    6    8    7    7    6    10   1    4    4    3    3    1    5    5    8    1    10   3    4    4    6    1    4    7    8    8    3    1    10   4    10         9                7.47           7.40
Vardas28       Pavarde28                     5    7    9    10   2    7    1    8    1    4    9    3    1    6    5    10   2    10   9    5    8    9    4    10   2    8    3    6    4    9    9    6    10   6    6    2    4    5    8    10   5    1    4    6    4    10   3    3    4    10         4                4.74           4.80
Vardas29       Pavarde29                     8    2    7    9    9    1    10   7    6    10   3    9    8    6    6    2    6    9    10   2    6    8    9    6    8    8    3    3    9    7    1    10   3    6    6    5    1    9    6    8    4    9    6    9    8    7    6    10   5    1          4                4.94           5.00
Vardas30       Pavarde30                     1    5    9    5    6    9    10   8    3    10   10   4    9    3    10   5    6    3    9    5    9    1    6    7    1    1    1    10   3    4    5    7    9    1    8    7    5    10   7    3    7    1    9    3    8    3    6    5    1    6          8                7.07           7.20
Vardas31       Pavarde31                     1    4    8    8    4    3    2    10   10   5    3    10   1    6    3    10   4    5    3    10   6    7    6    2    5    5    4    10   8    1    2    2    2    7    8    5    1    4    4    8    4    10   1    4    7    2    8    10   7    6          9                7.53           7.40
Vardas32       Pavarde32                     6    9    10   9    2    1    4    3    10   3    7    8    10   2    3    9    1    8    8    7    3    4    4    10   4    3    9    8    6    5    1    9    7    10   1    7    8    3    2    9    3    10   3    9    10   1    6    2    3    3          9                7.66           7.80
Vardas33       Pavarde33                     4    3    2    6    8    5    1    9    4    9    9    2    8    9    5    4    7    9    6    1    5    2    9    9    4    7    2    10   3    6    2    4    3    10   6    7    2    9    8    4    4    5    7    3    3    9    6    9    1    2          4                4.58           4.40
Vardas34       Pavarde34                     10   7    6    3    6    8    6    1    1    2    5    2    10   4    10   3    1    9    4    1    9    7    1    2    3    4    6    4    8    3    1    8    7    6    5    7    10   6    8    1    4    8    10   1    3    4    4    9    2    5          7                6.24           6.20
Vardas35       Pavarde35                     3    3    3    8    2    10   8    7    1    10   6    6    6    2    9    5    6    1    9    9    5    6    6    6    2    9    4    9    4    6    4    7    5    9    7    6    7    1    3    2    10   3    4    10   5    6    5    1    7    6          4                4.63           4.80
Vardas36       Pavarde36                     7    1    1    1    4    8    4    6    10   10   10   1    3    9    5    10   4    3    8    5    7    10   1    4    10   2    1    7    4    8    5    10   10   9    7    2    2    3    10   8    3    9    10   10   9    5    9    3    9    8          9                7.84           8.20
Vardas37       Pavarde37                     1    8    5    5    9    10   8    3    2    5    1    1    9    6    1    2    9    5    3    9    3    10   5    2    2    1    7    10   9    2    2    1    2    1    9    9    6    5    6    1    3    8    7    2    10   9    3    9    5    9          4                4.48           4.40
Vardas38       Pavarde38                     3    5    10   6    5    5    1    2    9    6    5    1    6    5    6    7    4    4    3    6    7    6    5    10   10   4    3    2    10   9    8    4    9    5    8    8    6    5    5    6    3    1    10   2    4    9    10   6    7    10         7                6.53           6.60
Vardas39       Pavarde39                     7    9    10   4    6    2    6    6    2    9    2    5    8    6    5    6    10   1    6    3    5    4    4    4    3    4    8    6    4    9    9    10   7    10   7    7    9    10   5    2    6    5    8    8    2    1    9    9    4    2         10                8.35           8.40
Vardas40       Pavarde40                     1    3    10   10   8    3    8    10   3    4    8    7    10   5    8    6    6    9    2    9    2    10   8    3    5    6    6    3    4    2    2    4    7    6    5    7    10   5    6    9    5    6    2    9    6    9    4    1    5    6          1                2.94           3.00
Vardas41       Pavarde41                     9    5    1    3    5    8    8    8    7    7    4    3    3    9    5    5    6    9    7    9    8    7    2    1    6    3    3    2    6    8    10   6    1    9    9    3    4    4    1    1    8    7    10   3    3    7    6    10   4    2          3                4.00           4.20
Vardas42       Pavarde42                     10   1    1    10   7    3    2    9    2    9    9    6    4    8    9    3    5    5    10   10   9    3    3    6    4    7    5    10   10   3    7    9    9    10   6    2    10   9    5    8    5    9    7    6    9    6    6    5    9    2          6                6.18           6.20
Vardas43       Pavarde43                     6    9    9    3    10   1    1    1    3    7    6    7    9    10   5    9    2    10   7    2    6    7    2    3    8    7    2    2    8    5    4    9    8    7    2    4    1    8    9    2    6    5    9    5    10   5    4    6    6    6          4                4.66           4.80
Vardas44       Pavarde44                     6    9    5    8    10   6    8    7    6    8    3    10   2    2    9    3    7    1    3    8    5    9    5    9    1    4    6    10   8    6    3    9    4    6    7    6    10   4    10   4    10   8    3    5    5    2    9    9    2    3          7                6.62           6.60
Vardas45       Pavarde45                     3    8    4    10   2    9    9    7    9    7    7    9    1    6    9    3    6    7    10   10   8    5    2    7    2    3    3    8    7    8    3    9    2    4    3    1    5    8    5    2    8    2    9    10   8    7    7    8    1    2          6                5.94           6.40
Vardas46       Pavarde46                     6    9    6    4    5    8    6    3    9    2    9    6    5    6    10   7    8    7    1    2    1    4    10   10   5    3    6    7    4    10   8    6    6    4    7    10   9    4    7    2    2    6    4    10   1    9    6    8    7    3          9                7.78           7.80
Vardas47       Pavarde47                     10   4    1    3    8    6    1    7    6    9    7    4    8    10   6    3    10   1    5    3    8    3    4    2    6    2    3    9    7    7    10   1    7    1    7    4    3    9    7    7    5    4    7    8    5    5    4    1    8    2         10                8.14           8.20
Vardas48       Pavarde48                     10   9    4    4    3    4    10   9    7    5    9    2    1    5    9    8    4    3    5    4    1    6    5    2    2    7    5    7    3    10   5    1    1    4    6    9    4    5    9    8    5    2    2    2    5    10   1    4    9    10        10                8.12           8.00
Vardas49       Pavarde49                     4    5    10   6    5    8    6    6    2    10   7    3    5    9    8    5    1    9    3    6    7    2    10   6    2    6    3    5    2    6    3    4    5    8    5    6    6    8    10   9    2    1    1    6    5    10   1    7    7    5          7                6.41           6.60
Vardas50       Pavarde50                     1    7    4    7    9    5    5    10   3    8    6    10   4    4    2    7    4    8    8    5    5    4    2    10   4    4    4    10   1    2    1    1    2    4    2    7    5    1    6    7    6    3    1    3    2    3    6    2    4    6         10                7.88           7.60
Vardas51       Pavarde51                     6    4    1    7    10   4    3    8    5    4    8    3    7    6    4    7    10   4    1    8    2    4    3    9    8    5    5    9    10   6    3    10   6    8    1    9    1    4    4    9    10   2    2    2    1    5    4    9    6    8          2                3.40           3.20
Vardas52       Pavarde52                     6    5    9    2    9    7    7    5    9    3    10   4    10   7    6    3    7    1    4    2    4    5    9    10   1    7    6    8    3    4    7    2    6    6    5    9    4    10   4    2    7    3    2    8    3    6    4    6    10   4          3                4.05           4.20
Vardas53       Pavarde53                     3    6    6    10   7    10   10   1    9    1    8    1    10   3    7    1    9    9    9    1    7    7    4    8    6    2    5    10   3    10   2    2    10   3    1    5    3    2    3    4    10   10   2    6    8    8    5    2    8    9         10                8.29           8.40
Vardas54       Pavarde54                     4    9    10   4    8    10   8    6    7    3    7    2    1    3    1    7    4    7    2    2    2    4    5    10   3    5    1    2    8    6    4    1    10   10   9    10   1    7    9    3    1    7    7    6    2    3    9    10   7    4          8                6.97           7.00
Vardas55       Pavarde55                     8    3    8    6    4    5    5    10   9    5    2    2    7    5    1    5    6    10   2    3    10   2    4    1    7    1    3    8    7    9    5    10   9    9    8    8    8    3    9    10   2    5    4    4    10   7    6    8    10   8          8                7.21           7.20
Vardas56       Pavarde56                     3    9    3    1    3    2    4    1    6    7    1    3    5    5    7    7    3    6    3    10   6    4    3    5    3    8    1    4    6    8    1    6    2    4    8    3    1    1    10   2    6    6    5    7    6    10   4    7    4    9          9                7.31           7.20
Vardas57       Pavarde57                     1    7    4    10   4    7    5    5    7    7    8    1    3    9    8    10   10   3    2    2    8    5    6    3    8    6    10   8    3    8    9    4    9    2    8    6    2    3    5    9    2    9    10   3    4    10   1    7    3    6          4                4.72           4.80
Vardas58       Pavarde58                     10   2    9    9    9    2    4    9    5    3    2    3    1    8    7    9    9    6    6    2    1    8    6    6    4    10   5    10   9    9    4    4    8    2    1    3    6    8    6    6    3    8    2    10   7    1    8    7    1    5         10                8.26           8.40
Vardas59       Pavarde59                     6    8    3    9    1    7    4    4    6    3    7    3    2    7    1    6    7    7    3    8    7    8    9    8    2    4    10   8    4    9    2    3    6    7    10   1    7    8    10   9    9    3    6    5    3    5    2    8    3    8          2                3.49           3.60
Vardas60       Pavarde60                     5    5    9    2    10   5    10   10   4    9    7    9    4    8    2    7    9    4    1    3    8    5    7    10   5    1    8    8    8    4    3    8    6    5    3    6    8    7    1    7    6    2    5    3    1    8    9    7    3    6          6                5.93           6.00
Vardas61       Pavarde61                     8    1    5    6    4    10   8    5    2    8    8    4    10   1    5    4    7    6    4    1    6    1    9    4    4    6    8    8    2    5    7    5    8    6    6    2    2    9    6    6    3    5    8    7    3    5    3    4    10   7          7                6.38           6.40
Vardas62       Pavarde62                     8    10   8    2    6    10   1    4    8    7    2    1    8    6    3    8    7    9    4    9    1    4    4    6    9    7    3    7    9    1    4    6    6    3    3    5    10   6    5    8    4    3    3    10   9    4    7    2    10   7          9                7.70           7.80
Vardas63       Pavarde63                     7    7    9    9    1    3    5    9    3    2    1    6    5    3    6    3    1    4    3    6    4    2    9    5    10   6    3    9    4    6    7    5    9    6    9    1    1    7    6    10   4    8    5    9    5    7    1    5    6    4          9                7.53           7.40
Vardas64       Pavarde64                     9    10   4    6    6    3    9    1    4    10   5    10   1    1    7    1    10   1    7    1    6    10   5    4    6    7    5    7    3    1    9    4    5    6    2    10   1    2    4    5    4    2    1    5    3    6    10   10   1    7          6                5.66           5.60
Vardas65       Pavarde65                     3    2    3    3    9    3    4    6    4    1    6    7    5    9    5    9    2    1    7    1    1    1    8    5    3    4    9    9    1    1    4    6    5    1    10   4    10   8    7    5    9    10   10   3    2    7    1    5    6    6         10                8.01           8.00
Vardas66       Pavarde66                     4    6    6    4    5    8    5    2    1    9    10   10   9    8    5    5    1    6    1    6    4    1    7    3    3    8    5    2    2    2    1    3    6    3    4    9    7    9    8    3    10   7    9    3    6    3    3    8    2    3          7                6.24           6.20
Vardas67       Pavarde67                     5    9    3    7    9    9    10   7    2    3    7    6    8    4    3    1    3    5    1    8    8    5    9    7    5    5    7    10   7    1    10   8    2    9    6    7    8    4    3    7    3    1    4    1    1    2    3    10   9    2          1                2.79           2.80
Vardas68       Pavarde68                     4    9    2    4    8    8    1    4    4    5    9    5    8    10   5    10   3    7    8    8    1    7    10   1    9    8    2    3    10   8    2    9    4    5    1    2    9    4    4    5    3    10   8    9    6    1    6    10   1    2          9                7.66           7.40
Vardas69       Pavarde69                     10   3    10   2    8    10   10   1    8    2    8    1    3    3    7    5    5    9    3    4    1    3    10   1    9    9    5    2    6    4    10   8    8    1    3    10   2    6    1    5    8    8    3    4    1    6    3    6    8    8          6                5.77           5.60
Vardas70       Pavarde70                     6    5    7    10   5    9    1    8    3    5    9    6    8    6    3    6    2    8    5    1    8    5    6    5    6    5    3    6    10   4    3    7    4    4    5    8    7    9    5    8    1    3    8    6    6    9    8    9    10   8         10                8.39           8.40
Vardas71       Pavarde71                     4    10   4    5    10   3    6    4    2    6    4    9    4    6    9    5    10   5    2    4    4    6    3    2    4    6    1    7    7    8    9    10   2    10   10   8    1    1    6    8    3    4    7    8    9    9    5    6    8    1          6                5.88           6.00
Vardas72       Pavarde72                     4    1    8    2    10   6    8    6    5    7    3    10   4    5    1    4    8    9    5    8    8    7    4    7    10   4    7    4    3    4    1    6    3    3    9    8    8    6    6    2    6    2    8    6    4    7    9    9    3    2          7                6.44           6.60
Vardas73       Pavarde73                     2    5    7    1    6    8    5    8    5    2    1    7    5    4    3    1    8    7    5    8    5    2    9    9    2    6    10   10   5    4    3    7    6    4    5    1    4    3    6    5    8    1    4    9    4    8    7    8    6    6          8                6.92           6.80
Vardas74       Pavarde74                     1    10   6    2    4    4    3    2    10   10   4    2    8    4    9    6    9    2    10   9    7    4    1    1    7    8    8    7    3    3    7    7    7    10   3    9    9    4    4    10   10   6    1    3    2    10   10   6    9    1          3                4.14           4.20
Vardas75       Pavarde75                     3    6    1    5    9    8    4    9    3    3    7    5    7    8    10   9    7    9    5    3    2    6    8    1    4    3    7    8    6    9    4    10   6    4    7    8    8    7    5    5    1    7    5    6    8    8    10   1    4    2          1                2.93           3.00
Vardas76       Pavarde76                     7    10   8    6    7    1    4    10   6    4    2    6    9    1    7    4    9    8    4    8    2    6    5    6    5    10   10   3    6    1    6    1    9    4    5    2    4    3    9    2    2    10   8    1    4    7    1    3    2    3          1                2.69           2.60
Vardas77       Pavarde77                     5    1    8    3    5    3    5    8    8    6    3    6    4    9    8    4    6    10   2    9    9    7    9    1    7    1    3    10   2    5    7    7    7    7    8    4    9    4    3    8    6    6    3    2    9    4    8    7    5    2          5                5.26           5.40
Vardas78       Pavarde78                     4    6    2    2    2    3    8    10   10   10   3    8    10   5    3    5    1    9    1    6    3    4    1    4    1    7    3    10   2    9    7    1    2    8    3    9    2    1    5    8    4    8    9    1    6    10   7    5    3    7          2                3.26           3.20
Vardas79       Pavarde79                     5    8    9    5    6    2    1    6    5    10   7    10   10   2    4    10   5    3    8    8    6    1    6    2    4    2    1    3    5    10   4    8    2    1    8    9    6    4    10   8    9    1    3    7    4    8    5    2    10   3          7                6.41           6.20
Vardas80       Pavarde80                     2    3    2    6    2    10   8    5    4    6    8    10   10   2    4    9    8    6    7    8    5    6    5    2    10   7    4    1    4    2    10   9    10   9    5    5    3    2    2    3    5    9    7    1    4    2    4    3    2    7          7                6.34           6.20
Vardas81       Pavarde81                     8    10   8    6    9    8    3    9    3    3    7    2    7    9    5    8    6    1    2    1    9    3    7    7    10   7    10   1    7    1    1    8    4    2    9    3    9    2    9    7    9    8    5    6    1    9    7    6    5    4          6                5.93           6.40
Vardas82       Pavarde82                     5    6    10   4    10   4    10   6    5    8    10   7    8    2    9    5    7    3    5    9    2    8    1    4    5    4    4    5    2    8    6    10   5    5    9    9    8    3    9    9    7    7    6    8    7    8    8    6    10   2          7                6.74           6.80
Vardas83       Pavarde83                     6    5    10   8    10   7    10   9    9    4    2    9    2    9    3    7    6    9    1    9    4    5    5    8    2    7    6    1    8    8    7    9    2    1    8    8    1    10   10   5    10   6    3    3    5    7    9    2    7    1          7                6.62           7.00
Vardas84       Pavarde84                     1    3    5    1    9    10   7    3    1    5    9    10   1    8    8    9    10   7    7    10   1    10   4    2    8    9    8    8    10   10   1    1    3    3    4    6    5    4    10   10   5    8    6    8    4    6    4    6    9    1          6                5.98           6.00
Vardas85       Pavarde85                     7    3    4    8    4    5    6    4    5    2    1    8    6    6    2    2    5    4    4    8    2    2    1    7    8    3    6    4    8    9    3    1    4    7    10   9    2    3    2    7    9    9    2    7    5    2    8    5    10   7          9                7.45           7.40
Vardas86       Pavarde86                     1    9    4    8    2    7    2    3    10   1    4    1    9    8    3    3    8    5    7    3    6    1    10   7    10   9    8    1    4    10   7    9    2    4    9    7    2    4    4    7    8    10   2    7    6    10   4    3    3    7          1                2.83           3.00
Vardas87       Pavarde87                     7    3    5    8    6    5    1    1    1    6    8    2    8    5    4    2    8    8    10   7    3    8    5    7    3    10   4    8    2    8    3    1    2    2    10   9    6    7    10   3    6    3    3    1    8    2    10   4    1    8          2                3.30           3.20
Vardas88       Pavarde88                     2    2    9    8    1    8    4    1    7    1    5    3    10   10   10   3    5    7    1    9    9    8    3    2    5    5    4    9    2    6    2    9    10   10   3    4    3    9    1    10   9    3    1    6    1    3    6    9    5    3          4                4.53           4.40
Vardas89       Pavarde89                     2    3    6    8    2    2    10   9    10   6    6    1    10   9    4    4    8    6    2    6    2    3    6    2    6    7    7    8    1    6    4    4    8    10   6    5    4    7    5    5    4    1    9    3    1    6    3    7    8    5          2                3.34           3.60
Vardas90       Pavarde90                     4    3    1    5    2    2    10   7    10   4    10   8    5    5    5    9    8    8    2    5    1    3    8    9    2    5    4    4    1    8    10   1    8    5    9    10   6    7    2    7    7    7    6    9    7    9    2    6    3    1          2                3.44           3.40
Vardas91       Pavarde91                     10   1    6    9    4    8    1    5    4    6    7    4    7    7    2    9    9    3    3    5    1    1    8    10   7    8    9    2    7    7    8    10   7    6    10   4    4    10   6    8    9    4    5    9    10   4    8    8    6    7          5                5.50           5.80
Vardas92       Pavarde92                     9    5    8    10   3    1    2    8    2    4    8    10   8    6    4    2    2    1    1    7    2    8    6    1    3    10   4    2    5    3    6    5    4    3    10   7    8    1    1    1    10   5    1    8    7    7    1    1    8    5          5                4.95           5.00
Vardas93       Pavarde93                     4    1    7    4    1    8    7    3    6    6    6    1    2    9    8    2    5    3    1    3    7    7    2    3    5    2    5    10   10   9    2    2    10   10   2    10   3    7    7    3    3    2    9    2    8    7    5    1    5    7          4                4.42           4.40
Vardas94       Pavarde94                     4    10   10   4    3    10   9    2    1    4    9    10   6    9    5    10   5    10   4    5    4    2    4    4    1    2    3    10   10   2    3    8    5    5    3    9    9    2    10   9    6    7    4    4    6    8    1    2    5    9          7                6.50           6.20
Vardas95       Pavarde95                     5    5    8    4    5    10   9    3    4    4    2    6    9    9    9    9    3    6    10   1    8    4    2    8    2    1    7    9    7    8    4    1    6    7    10   1    9    8    10   2    3    10   9    10   5    9    1    9    6    7         10                8.43           8.60
Vardas96       Pavarde96                     2    6    10   9    8    6    1    9    5    8    3    5    9    9    4    7    3    4    10   10   10   9    7    8    1    9    9    8    7    6    6    9    7    5    4    1    4    6    2    7    2    7    8    5    5    3    4    8    7    6          6                6.06           6.20
Vardas97       Pavarde97                     4    6    6    8    1    8    1    1    5    7    1    7    2    4    3    2    8    8    10   4    6    10   10   10   8    4    3    1    8    4    1    2    7    7    8    10   3    2    5    10   9    6    7    5    2    1    2    2    7    6         10                8.10           8.20
Vardas98       Pavarde98                     7    1    6    8    3    9    5    1    4    6    6    7    8    1    7    1    9    1    7    8    2    5    9    4    2    6    2    2    2    7    7    2    2    6    3    3    1    1    4    6    1    8    2    1    7    1    1    2    7    8         10                7.75           7.60
Vardas99       Pavarde99                     4    9    4    2    6    8    2    9    2    1    6    5    7    6    8    9    9    9    9    10   1    8    3    5    4    6    6    5    1    7    1    2    3    8    4    8    4    2    4    4    8    6    7    10   3    1    5    3    6    1          2                3.29           3.20
